0.575148 0.876816 0.377068 0.000681 
0.633817 0.936698 0.438791 0.007191 
0.691865 0.996217 0.503024 0.021093 
0.171438 0.404658 0.049875 0.019124 
0.226074 0.477999 0.074767 0.03219 
0.29314 0.576088 0.100068 0.012387 
0.36767 0.661759 0.16748 0.005201 
0.547486 0.848837 0.348842 1.2e-05 
0.692116 0.996217 0.503024 0.021093 
0.200447 0.446075 0.0655 0.027209 
0.52119 0.820854 0.320854 2e-06 
1 1 1 1 
0.175179 0.409768 0.052058 0.020162 
0.537062 0.836834 0.336835 2e-06 
0.727302 1 0.568883 0.068927 
